p2       S_S        Sprime_S     S_V        Sprime_V
  0.0    0.10E+00   -0.34E-01    0.75E-01   -0.57E-05
  2.0    0.65E-01   -0.11E-01    0.45E-01   -0.91E-06
  4.0    0.50E-01   -0.57E-02    0.34E-01   -0.35E-06
  6.0    0.41E-01   -0.36E-02    0.27E-01   -0.19E-06
  8.0    0.35E-01   -0.25E-02    0.23E-01   -0.12E-06
 10.0    0.30E-01   -0.19E-02    0.20E-01   -0.78E-07
 12.0    0.27E-01   -0.14E-02    0.18E-01   -0.57E-07
 14.0    0.25E-01   -0.12E-02    0.16E-01   -0.43E-07
 16.0    0.22E-01   -0.95E-03    0.14E-01   -0.33E-07
 18.0    0.21E-01   -0.80E-03    0.13E-01   -0.27E-07
 20.0    0.19E-01   -0.68E-03    0.12E-01   -0.22E-07
 22.0    0.18E-01   -0.59E-03    0.11E-01   -0.18E-07
 24.0    0.17E-01   -0.51E-03    0.11E-01   -0.16E-07
 26.0    0.16E-01   -0.45E-03    0.10E-01   -0.13E-07
 28.0    0.15E-01   -0.40E-03    0.95E-02   -0.12E-07
 30.0    0.14E-01   -0.36E-03    0.90E-02   -0.10E-07
 32.0    0.14E-01   -0.32E-03    0.85E-02   -0.91E-08
 34.0    0.13E-01   -0.29E-03    0.81E-02   -0.81E-08
 36.0    0.12E-01   -0.27E-03    0.77E-02   -0.72E-08
 38.0    0.12E-01   -0.24E-03    0.74E-02   -0.65E-08
 40.0    0.11E-01   -0.22E-03    0.71E-02   -0.59E-08
 42.0    0.11E-01   -0.21E-03    0.68E-02   -0.54E-08
 44.0    0.11E-01   -0.19E-03    0.66E-02   -0.49E-08
 46.0    0.10E-01   -0.18E-03    0.63E-02   -0.45E-08
 48.0    0.99E-02   -0.16E-03    0.61E-02   -0.41E-08
 50.0    0.96E-02   -0.15E-03    0.59E-02   -0.38E-08
 52.0    0.93E-02   -0.14E-03    0.57E-02   -0.35E-08
 54.0    0.90E-02   -0.13E-03    0.55E-02   -0.33E-08
 56.0    0.88E-02   -0.13E-03    0.54E-02   -0.31E-08
 58.0    0.85E-02   -0.12E-03    0.52E-02   -0.29E-08
 60.0    0.83E-02   -0.11E-03    0.51E-02   -0.27E-08
 62.0    0.81E-02   -0.11E-03    0.49E-02   -0.25E-08
 64.0    0.79E-02   -0.10E-03    0.48E-02   -0.24E-08
 66.0    0.77E-02   -0.96E-04    0.47E-02   -0.22E-08
 68.0    0.75E-02   -0.91E-04    0.46E-02   -0.21E-08
 70.0    0.73E-02   -0.86E-04    0.45E-02   -0.20E-08
 72.0    0.71E-02   -0.82E-04    0.43E-02   -0.19E-08
 74.0    0.70E-02   -0.78E-04    0.42E-02   -0.18E-08
 76.0    0.68E-02   -0.75E-04    0.42E-02   -0.17E-08
 78.0    0.67E-02   -0.71E-04    0.41E-02   -0.16E-08
 80.0    0.65E-02   -0.68E-04    0.40E-02   -0.15E-08
 82.0    0.64E-02   -0.65E-04    0.39E-02   -0.14E-08
 84.0    0.63E-02   -0.63E-04    0.38E-02   -0.14E-08
 86.0    0.61E-02   -0.60E-04    0.37E-02   -0.13E-08
 88.0    0.60E-02   -0.58E-04    0.37E-02   -0.13E-08
 90.0    0.59E-02   -0.55E-04    0.36E-02   -0.12E-08
 92.0    0.58E-02   -0.53E-04    0.35E-02   -0.12E-08
 94.0    0.57E-02   -0.51E-04    0.35E-02   -0.11E-08
 96.0    0.56E-02   -0.50E-04    0.34E-02   -0.11E-08
 98.0    0.55E-02   -0.48E-04    0.33E-02   -0.10E-08
100.0    0.54E-02   -0.46E-04    0.33E-02   -0.98E-09
102.0    0.53E-02   -0.44E-04    0.32E-02   -0.94E-09
104.0    0.52E-02   -0.43E-04    0.32E-02   -0.91E-09
106.0    0.51E-02   -0.41E-04    0.31E-02   -0.87E-09
108.0    0.51E-02   -0.40E-04    0.31E-02   -0.84E-09
110.0    0.50E-02   -0.39E-04    0.30E-02   -0.81E-09
112.0    0.49E-02   -0.38E-04    0.30E-02   -0.78E-09
114.0    0.48E-02   -0.36E-04    0.29E-02   -0.76E-09
116.0    0.48E-02   -0.35E-04    0.29E-02   -0.73E-09
118.0    0.47E-02   -0.34E-04    0.28E-02   -0.71E-09
120.0    0.46E-02   -0.33E-04    0.28E-02   -0.68E-09
122.0    0.46E-02   -0.32E-04    0.27E-02   -0.66E-09
124.0    0.45E-02   -0.31E-04    0.27E-02   -0.64E-09
126.0    0.44E-02   -0.30E-04    0.27E-02   -0.62E-09
128.0    0.44E-02   -0.30E-04    0.26E-02   -0.60E-09
130.0    0.43E-02   -0.29E-04    0.26E-02   -0.58E-09
132.0    0.43E-02   -0.28E-04    0.26E-02   -0.57E-09
134.0    0.42E-02   -0.27E-04    0.25E-02   -0.55E-09
136.0    0.41E-02   -0.27E-04    0.25E-02   -0.53E-09
138.0    0.41E-02   -0.26E-04    0.25E-02   -0.52E-09
140.0    0.40E-02   -0.25E-04    0.24E-02   -0.50E-09
142.0    0.40E-02   -0.25E-04    0.24E-02   -0.49E-09
144.0    0.39E-02   -0.24E-04    0.24E-02   -0.48E-09
146.0    0.39E-02   -0.23E-04    0.23E-02   -0.46E-09
148.0    0.39E-02   -0.23E-04    0.23E-02   -0.45E-09
150.0    0.38E-02   -0.22E-04    0.23E-02   -0.44E-09
152.0    0.38E-02   -0.22E-04    0.23E-02   -0.43E-09
154.0    0.37E-02   -0.21E-04    0.22E-02   -0.42E-09
156.0    0.37E-02   -0.21E-04    0.22E-02   -0.41E-09
158.0    0.36E-02   -0.20E-04    0.22E-02   -0.40E-09
160.0    0.36E-02   -0.20E-04    0.22E-02   -0.39E-09
162.0    0.36E-02   -0.19E-04    0.21E-02   -0.38E-09
164.0    0.35E-02   -0.19E-04    0.21E-02   -0.37E-09
166.0    0.35E-02   -0.18E-04    0.21E-02   -0.36E-09
168.0    0.34E-02   -0.18E-04    0.21E-02   -0.35E-09
170.0    0.34E-02   -0.18E-04    0.20E-02   -0.34E-09
172.0    0.34E-02   -0.17E-04    0.20E-02   -0.33E-09
174.0    0.33E-02   -0.17E-04    0.20E-02   -0.33E-09
176.0    0.33E-02   -0.17E-04    0.20E-02   -0.32E-09
178.0    0.33E-02   -0.16E-04    0.20E-02   -0.31E-09
180.0    0.32E-02   -0.16E-04    0.19E-02   -0.31E-09
182.0    0.32E-02   -0.16E-04    0.19E-02   -0.30E-09
184.0    0.32E-02   -0.15E-04    0.19E-02   -0.29E-09
186.0    0.32E-02   -0.15E-04    0.19E-02   -0.29E-09
188.0    0.31E-02   -0.15E-04    0.19E-02   -0.28E-09
190.0    0.31E-02   -0.14E-04    0.18E-02   -0.27E-09
192.0    0.31E-02   -0.14E-04    0.18E-02   -0.27E-09
194.0    0.30E-02   -0.14E-04    0.18E-02   -0.26E-09
196.0    0.30E-02   -0.14E-04    0.18E-02   -0.26E-09
198.0    0.30E-02   -0.13E-04    0.18E-02   -0.25E-09
200.0    0.30E-02   -0.13E-04    0.18E-02   -0.25E-09
202.0    0.29E-02   -0.13E-04    0.17E-02   -0.24E-09
204.0    0.29E-02   -0.13E-04    0.17E-02   -0.24E-09
206.0    0.29E-02   -0.12E-04    0.17E-02   -0.23E-09
208.0    0.29E-02   -0.12E-04    0.17E-02   -0.23E-09
210.0    0.28E-02   -0.12E-04    0.17E-02   -0.23E-09
212.0    0.28E-02   -0.12E-04    0.17E-02   -0.22E-09
214.0    0.28E-02   -0.12E-04    0.17E-02   -0.22E-09
216.0    0.28E-02   -0.11E-04    0.16E-02   -0.21E-09
218.0    0.27E-02   -0.11E-04    0.16E-02   -0.21E-09
220.0    0.27E-02   -0.11E-04    0.16E-02   -0.21E-09
222.0    0.27E-02   -0.11E-04    0.16E-02   -0.20E-09
224.0    0.27E-02   -0.11E-04    0.16E-02   -0.20E-09
226.0    0.26E-02   -0.10E-04    0.16E-02   -0.19E-09
228.0    0.26E-02   -0.10E-04    0.16E-02   -0.19E-09
230.0    0.26E-02   -0.10E-04    0.15E-02   -0.19E-09
232.0    0.26E-02   -0.10E-04    0.15E-02   -0.18E-09
234.0    0.26E-02   -0.98E-05    0.15E-02   -0.18E-09
236.0    0.25E-02   -0.97E-05    0.15E-02   -0.18E-09
238.0    0.25E-02   -0.95E-05    0.15E-02   -0.18E-09
240.0    0.25E-02   -0.94E-05    0.15E-02   -0.17E-09
242.0    0.25E-02   -0.92E-05    0.15E-02   -0.17E-09
244.0    0.25E-02   -0.91E-05    0.15E-02   -0.17E-09
246.0    0.25E-02   -0.90E-05    0.15E-02   -0.16E-09
248.0    0.24E-02   -0.88E-05    0.14E-02   -0.16E-09
250.0    0.24E-02   -0.87E-05    0.14E-02   -0.16E-09
252.0    0.24E-02   -0.86E-05    0.14E-02   -0.16E-09
254.0    0.24E-02   -0.84E-05    0.14E-02   -0.15E-09
256.0    0.24E-02   -0.83E-05    0.14E-02   -0.15E-09
258.0    0.24E-02   -0.82E-05    0.14E-02   -0.15E-09
260.0    0.23E-02   -0.81E-05    0.14E-02   -0.15E-09
262.0    0.23E-02   -0.80E-05    0.14E-02   -0.14E-09
264.0    0.23E-02   -0.79E-05    0.14E-02   -0.14E-09
266.0    0.23E-02   -0.77E-05    0.14E-02   -0.14E-09
268.0    0.23E-02   -0.76E-05    0.13E-02   -0.14E-09
270.0    0.23E-02   -0.75E-05    0.13E-02   -0.14E-09
272.0    0.22E-02   -0.74E-05    0.13E-02   -0.13E-09
274.0    0.22E-02   -0.73E-05    0.13E-02   -0.13E-09
276.0    0.22E-02   -0.72E-05    0.13E-02   -0.13E-09
278.0    0.22E-02   -0.71E-05    0.13E-02   -0.13E-09
280.0    0.22E-02   -0.70E-05    0.13E-02   -0.13E-09
282.0    0.22E-02   -0.70E-05    0.13E-02   -0.13E-09
284.0    0.22E-02   -0.69E-05    0.13E-02   -0.12E-09
286.0    0.21E-02   -0.68E-05    0.13E-02   -0.12E-09
288.0    0.21E-02   -0.67E-05    0.13E-02   -0.12E-09
290.0    0.21E-02   -0.66E-05    0.13E-02   -0.12E-09
292.0    0.21E-02   -0.65E-05    0.12E-02   -0.12E-09
294.0    0.21E-02   -0.64E-05    0.12E-02   -0.12E-09
296.0    0.21E-02   -0.64E-05    0.12E-02   -0.11E-09
298.0    0.21E-02   -0.63E-05    0.12E-02   -0.11E-09
300.0    0.21E-02   -0.62E-05    0.12E-02   -0.11E-09
302.0    0.20E-02   -0.61E-05    0.12E-02   -0.11E-09
304.0    0.20E-02   -0.60E-05    0.12E-02   -0.11E-09
306.0    0.20E-02   -0.60E-05    0.12E-02   -0.11E-09
308.0    0.20E-02   -0.59E-05    0.12E-02   -0.11E-09
310.0    0.20E-02   -0.58E-05    0.12E-02   -0.10E-09
312.0    0.20E-02   -0.58E-05    0.12E-02   -0.10E-09
314.0    0.20E-02   -0.57E-05    0.12E-02   -0.10E-09
316.0    0.20E-02   -0.56E-05    0.12E-02   -0.10E-09
318.0    0.19E-02   -0.56E-05    0.12E-02   -0.99E-10
320.0    0.19E-02   -0.55E-05    0.11E-02   -0.97E-10
322.0    0.19E-02   -0.54E-05    0.11E-02   -0.96E-10
324.0    0.19E-02   -0.54E-05    0.11E-02   -0.95E-10
326.0    0.19E-02   -0.53E-05    0.11E-02   -0.94E-10
328.0    0.19E-02   -0.52E-05    0.11E-02   -0.93E-10
330.0    0.19E-02   -0.52E-05    0.11E-02   -0.92E-10
332.0    0.19E-02   -0.51E-05    0.11E-02   -0.90E-10
334.0    0.19E-02   -0.51E-05    0.11E-02   -0.89E-10
336.0    0.19E-02   -0.50E-05    0.11E-02   -0.88E-10
338.0    0.18E-02   -0.50E-05    0.11E-02   -0.87E-10
340.0    0.18E-02   -0.49E-05    0.11E-02   -0.86E-10
342.0    0.18E-02   -0.49E-05    0.11E-02   -0.85E-10
344.0    0.18E-02   -0.48E-05    0.11E-02   -0.84E-10
346.0    0.18E-02   -0.47E-05    0.11E-02   -0.83E-10
348.0    0.18E-02   -0.47E-05    0.11E-02   -0.82E-10
350.0    0.18E-02   -0.46E-05    0.11E-02   -0.81E-10
352.0    0.18E-02   -0.46E-05    0.10E-02   -0.81E-10
354.0    0.18E-02   -0.45E-05    0.10E-02   -0.80E-10
356.0    0.18E-02   -0.45E-05    0.10E-02   -0.79E-10
358.0    0.17E-02   -0.45E-05    0.10E-02   -0.78E-10
360.0    0.17E-02   -0.44E-05    0.10E-02   -0.77E-10
362.0    0.17E-02   -0.44E-05    0.10E-02   -0.76E-10
364.0    0.17E-02   -0.43E-05    0.10E-02   -0.75E-10
366.0    0.17E-02   -0.43E-05    0.10E-02   -0.74E-10
368.0    0.17E-02   -0.42E-05    0.10E-02   -0.74E-10
370.0    0.17E-02   -0.42E-05    0.10E-02   -0.73E-10
372.0    0.17E-02   -0.41E-05    0.99E-03   -0.72E-10
374.0    0.17E-02   -0.41E-05    0.99E-03   -0.71E-10
376.0    0.17E-02   -0.41E-05    0.98E-03   -0.71E-10
378.0    0.17E-02   -0.40E-05    0.98E-03   -0.70E-10
380.0    0.17E-02   -0.40E-05    0.98E-03   -0.69E-10
382.0    0.16E-02   -0.39E-05    0.97E-03   -0.68E-10
384.0    0.16E-02   -0.39E-05    0.97E-03   -0.68E-10
386.0    0.16E-02   -0.39E-05    0.96E-03   -0.67E-10
388.0    0.16E-02   -0.38E-05    0.96E-03   -0.66E-10
390.0    0.16E-02   -0.38E-05    0.95E-03   -0.66E-10
392.0    0.16E-02   -0.38E-05    0.95E-03   -0.65E-10
394.0    0.16E-02   -0.37E-05    0.94E-03   -0.64E-10
396.0    0.16E-02   -0.37E-05    0.94E-03   -0.64E-10
398.0    0.16E-02   -0.37E-05    0.93E-03   -0.63E-10
400.0    0.16E-02   -0.36E-05    0.93E-03   -0.62E-10
402.0    0.16E-02   -0.36E-05    0.93E-03   -0.62E-10
404.0    0.16E-02   -0.35E-05    0.92E-03   -0.61E-10
406.0    0.16E-02   -0.35E-05    0.92E-03   -0.61E-10
408.0    0.16E-02   -0.35E-05    0.91E-03   -0.60E-10
410.0    0.15E-02   -0.35E-05    0.91E-03   -0.59E-10
412.0    0.15E-02   -0.34E-05    0.90E-03   -0.59E-10
414.0    0.15E-02   -0.34E-05    0.90E-03   -0.58E-10
416.0    0.15E-02   -0.34E-05    0.90E-03   -0.58E-10
418.0    0.15E-02   -0.33E-05    0.89E-03   -0.57E-10
420.0    0.15E-02   -0.33E-05    0.89E-03   -0.57E-10
422.0    0.15E-02   -0.33E-05    0.88E-03   -0.56E-10
424.0    0.15E-02   -0.32E-05    0.88E-03   -0.56E-10
426.0    0.15E-02   -0.32E-05    0.88E-03   -0.55E-10
428.0    0.15E-02   -0.32E-05    0.87E-03   -0.55E-10
430.0    0.15E-02   -0.32E-05    0.87E-03   -0.54E-10
432.0    0.15E-02   -0.31E-05    0.87E-03   -0.54E-10
434.0    0.15E-02   -0.31E-05    0.86E-03   -0.53E-10
436.0    0.15E-02   -0.31E-05    0.86E-03   -0.53E-10
438.0    0.15E-02   -0.30E-05    0.85E-03   -0.52E-10
440.0    0.14E-02   -0.30E-05    0.85E-03   -0.52E-10
442.0    0.14E-02   -0.30E-05    0.85E-03   -0.51E-10
444.0    0.14E-02   -0.30E-05    0.84E-03   -0.51E-10
446.0    0.14E-02   -0.29E-05    0.84E-03   -0.50E-10
448.0    0.14E-02   -0.29E-05    0.84E-03   -0.50E-10
450.0    0.14E-02   -0.29E-05    0.83E-03   -0.49E-10
452.0    0.14E-02   -0.29E-05    0.83E-03   -0.49E-10
454.0    0.14E-02   -0.28E-05    0.83E-03   -0.48E-10
456.0    0.14E-02   -0.28E-05    0.82E-03   -0.48E-10
458.0    0.14E-02   -0.28E-05    0.82E-03   -0.48E-10
460.0    0.14E-02   -0.28E-05    0.82E-03   -0.47E-10
462.0    0.14E-02   -0.28E-05    0.81E-03   -0.47E-10
464.0    0.14E-02   -0.27E-05    0.81E-03   -0.46E-10
466.0    0.14E-02   -0.27E-05    0.81E-03   -0.46E-10
468.0    0.14E-02   -0.27E-05    0.80E-03   -0.46E-10
470.0    0.14E-02   -0.27E-05    0.80E-03   -0.45E-10
472.0    0.14E-02   -0.26E-05    0.80E-03   -0.45E-10
474.0    0.14E-02   -0.26E-05    0.79E-03   -0.44E-10
476.0    0.13E-02   -0.26E-05    0.79E-03   -0.44E-10
478.0    0.13E-02   -0.26E-05    0.79E-03   -0.44E-10
480.0    0.13E-02   -0.26E-05    0.78E-03   -0.43E-10
482.0    0.13E-02   -0.25E-05    0.78E-03   -0.43E-10
484.0    0.13E-02   -0.25E-05    0.78E-03   -0.43E-10
486.0    0.13E-02   -0.25E-05    0.78E-03   -0.42E-10
488.0    0.13E-02   -0.25E-05    0.77E-03   -0.42E-10
490.0    0.13E-02   -0.25E-05    0.77E-03   -0.42E-10
492.0    0.13E-02   -0.24E-05    0.77E-03   -0.41E-10
494.0    0.13E-02   -0.24E-05    0.76E-03   -0.41E-10
496.0    0.13E-02   -0.24E-05    0.76E-03   -0.41E-10
498.0    0.13E-02   -0.24E-05    0.76E-03   -0.40E-10
500.0    0.13E-02   -0.24E-05    0.75E-03   -0.40E-10
502.0    0.13E-02   -0.24E-05    0.75E-03   -0.40E-10
504.0    0.13E-02   -0.23E-05    0.75E-03   -0.39E-10
506.0    0.13E-02   -0.23E-05    0.75E-03   -0.39E-10
508.0    0.13E-02   -0.23E-05    0.74E-03   -0.39E-10
510.0    0.13E-02   -0.23E-05    0.74E-03   -0.38E-10
512.0    0.13E-02   -0.23E-05    0.74E-03   -0.38E-10
514.0    0.13E-02   -0.23E-05    0.74E-03   -0.38E-10
516.0    0.13E-02   -0.22E-05    0.73E-03   -0.38E-10
518.0    0.12E-02   -0.22E-05    0.73E-03   -0.37E-10
520.0    0.12E-02   -0.22E-05    0.73E-03   -0.37E-10
522.0    0.12E-02   -0.22E-05    0.72E-03   -0.37E-10
524.0    0.12E-02   -0.22E-05    0.72E-03   -0.36E-10
526.0    0.12E-02   -0.22E-05    0.72E-03   -0.36E-10
528.0    0.12E-02   -0.21E-05    0.72E-03   -0.36E-10
530.0    0.12E-02   -0.21E-05    0.71E-03   -0.36E-10
532.0    0.12E-02   -0.21E-05    0.71E-03   -0.35E-10
534.0    0.12E-02   -0.21E-05    0.71E-03   -0.35E-10
536.0    0.12E-02   -0.21E-05    0.71E-03   -0.35E-10
538.0    0.12E-02   -0.21E-05    0.70E-03   -0.35E-10
540.0    0.12E-02   -0.21E-05    0.70E-03   -0.34E-10
542.0    0.12E-02   -0.20E-05    0.70E-03   -0.34E-10
544.0    0.12E-02   -0.20E-05    0.70E-03   -0.34E-10
546.0    0.12E-02   -0.20E-05    0.69E-03   -0.34E-10
548.0    0.12E-02   -0.20E-05    0.69E-03   -0.33E-10
550.0    0.12E-02   -0.20E-05    0.69E-03   -0.33E-10
552.0    0.12E-02   -0.20E-05    0.69E-03   -0.33E-10
554.0    0.12E-02   -0.20E-05    0.69E-03   -0.33E-10
556.0    0.12E-02   -0.19E-05    0.68E-03   -0.32E-10
558.0    0.12E-02   -0.19E-05    0.68E-03   -0.32E-10
560.0    0.12E-02   -0.19E-05    0.68E-03   -0.32E-10
562.0    0.12E-02   -0.19E-05    0.68E-03   -0.32E-10
564.0    0.12E-02   -0.19E-05    0.67E-03   -0.31E-10
566.0    0.11E-02   -0.19E-05    0.67E-03   -0.31E-10
568.0    0.11E-02   -0.19E-05    0.67E-03   -0.31E-10
570.0    0.11E-02   -0.19E-05    0.67E-03   -0.31E-10
572.0    0.11E-02   -0.18E-05    0.67E-03   -0.31E-10
574.0    0.11E-02   -0.18E-05    0.66E-03   -0.30E-10
576.0    0.11E-02   -0.18E-05    0.66E-03   -0.30E-10
578.0    0.11E-02   -0.18E-05    0.66E-03   -0.30E-10
580.0    0.11E-02   -0.18E-05    0.66E-03   -0.30E-10
582.0    0.11E-02   -0.18E-05    0.65E-03   -0.30E-10
584.0    0.11E-02   -0.18E-05    0.65E-03   -0.29E-10
586.0    0.11E-02   -0.18E-05    0.65E-03   -0.29E-10
588.0    0.11E-02   -0.17E-05    0.65E-03   -0.29E-10
590.0    0.11E-02   -0.17E-05    0.65E-03   -0.29E-10
592.0    0.11E-02   -0.17E-05    0.64E-03   -0.29E-10
594.0    0.11E-02   -0.17E-05    0.64E-03   -0.28E-10
596.0    0.11E-02   -0.17E-05    0.64E-03   -0.28E-10
598.0    0.11E-02   -0.17E-05    0.64E-03   -0.28E-10
600.0    0.11E-02   -0.17E-05    0.64E-03   -0.28E-10
602.0    0.11E-02   -0.17E-05    0.63E-03   -0.28E-10
604.0    0.11E-02   -0.17E-05    0.63E-03   -0.27E-10
606.0    0.11E-02   -0.16E-05    0.63E-03   -0.27E-10
608.0    0.11E-02   -0.16E-05    0.63E-03   -0.27E-10
610.0    0.11E-02   -0.16E-05    0.63E-03   -0.27E-10
612.0    0.11E-02   -0.16E-05    0.62E-03   -0.27E-10
614.0    0.11E-02   -0.16E-05    0.62E-03   -0.27E-10
616.0    0.11E-02   -0.16E-05    0.62E-03   -0.26E-10
618.0    0.11E-02   -0.16E-05    0.62E-03   -0.26E-10
620.0    0.11E-02   -0.16E-05    0.62E-03   -0.26E-10
622.0    0.11E-02   -0.16E-05    0.61E-03   -0.26E-10
624.0    0.10E-02   -0.16E-05    0.61E-03   -0.26E-10
626.0    0.10E-02   -0.16E-05    0.61E-03   -0.26E-10
628.0    0.10E-02   -0.15E-05    0.61E-03   -0.25E-10
630.0    0.10E-02   -0.15E-05    0.61E-03   -0.25E-10
632.0    0.10E-02   -0.15E-05    0.61E-03   -0.25E-10
634.0    0.10E-02   -0.15E-05    0.60E-03   -0.25E-10
636.0    0.10E-02   -0.15E-05    0.60E-03   -0.25E-10
638.0    0.10E-02   -0.15E-05    0.60E-03   -0.25E-10
640.0    0.10E-02   -0.15E-05    0.60E-03   -0.24E-10
642.0    0.10E-02   -0.15E-05    0.60E-03   -0.24E-10
644.0    0.10E-02   -0.15E-05    0.59E-03   -0.24E-10
646.0    0.10E-02   -0.15E-05    0.59E-03   -0.24E-10
648.0    0.10E-02   -0.15E-05    0.59E-03   -0.24E-10
650.0    0.10E-02   -0.14E-05    0.59E-03   -0.24E-10
652.0    0.10E-02   -0.14E-05    0.59E-03   -0.24E-10
654.0    0.10E-02   -0.14E-05    0.59E-03   -0.23E-10
656.0    0.10E-02   -0.14E-05    0.58E-03   -0.23E-10
658.0    0.10E-02   -0.14E-05    0.58E-03   -0.23E-10
660.0    0.10E-02   -0.14E-05    0.58E-03   -0.23E-10
662.0    0.99E-03   -0.14E-05    0.58E-03   -0.23E-10
664.0    0.99E-03   -0.14E-05    0.58E-03   -0.23E-10
666.0    0.99E-03   -0.14E-05    0.58E-03   -0.23E-10
668.0    0.98E-03   -0.14E-05    0.57E-03   -0.22E-10
670.0    0.98E-03   -0.14E-05    0.57E-03   -0.22E-10
672.0    0.98E-03   -0.14E-05    0.57E-03   -0.22E-10
674.0    0.98E-03   -0.13E-05    0.57E-03   -0.22E-10
676.0    0.97E-03   -0.13E-05    0.57E-03   -0.22E-10
678.0    0.97E-03   -0.13E-05    0.57E-03   -0.22E-10
680.0    0.97E-03   -0.13E-05    0.57E-03   -0.22E-10
682.0    0.97E-03   -0.13E-05    0.56E-03   -0.22E-10
684.0    0.96E-03   -0.13E-05    0.56E-03   -0.21E-10
686.0    0.96E-03   -0.13E-05    0.56E-03   -0.21E-10
688.0    0.96E-03   -0.13E-05    0.56E-03   -0.21E-10
690.0    0.96E-03   -0.13E-05    0.56E-03   -0.21E-10
692.0    0.95E-03   -0.13E-05    0.56E-03   -0.21E-10
694.0    0.95E-03   -0.13E-05    0.55E-03   -0.21E-10
696.0    0.95E-03   -0.13E-05    0.55E-03   -0.21E-10
698.0    0.94E-03   -0.13E-05    0.55E-03   -0.21E-10
700.0    0.94E-03   -0.13E-05    0.55E-03   -0.20E-10
702.0    0.94E-03   -0.12E-05    0.55E-03   -0.20E-10
704.0    0.94E-03   -0.12E-05    0.55E-03   -0.20E-10
706.0    0.93E-03   -0.12E-05    0.55E-03   -0.20E-10
708.0    0.93E-03   -0.12E-05    0.54E-03   -0.20E-10
710.0    0.93E-03   -0.12E-05    0.54E-03   -0.20E-10
712.0    0.93E-03   -0.12E-05    0.54E-03   -0.20E-10
714.0    0.93E-03   -0.12E-05    0.54E-03   -0.20E-10
716.0    0.92E-03   -0.12E-05    0.54E-03   -0.20E-10
718.0    0.92E-03   -0.12E-05    0.54E-03   -0.19E-10
720.0    0.92E-03   -0.12E-05    0.54E-03   -0.19E-10
722.0    0.92E-03   -0.12E-05    0.53E-03   -0.19E-10
724.0    0.91E-03   -0.12E-05    0.53E-03   -0.19E-10
726.0    0.91E-03   -0.12E-05    0.53E-03   -0.19E-10
728.0    0.91E-03   -0.12E-05    0.53E-03   -0.19E-10
730.0    0.91E-03   -0.12E-05    0.53E-03   -0.19E-10
732.0    0.90E-03   -0.12E-05    0.53E-03   -0.19E-10
734.0    0.90E-03   -0.11E-05    0.53E-03   -0.19E-10
736.0    0.90E-03   -0.11E-05    0.52E-03   -0.18E-10
738.0    0.90E-03   -0.11E-05    0.52E-03   -0.18E-10
740.0    0.89E-03   -0.11E-05    0.52E-03   -0.18E-10
742.0    0.89E-03   -0.11E-05    0.52E-03   -0.18E-10
744.0    0.89E-03   -0.11E-05    0.52E-03   -0.18E-10
746.0    0.89E-03   -0.11E-05    0.52E-03   -0.18E-10
748.0    0.89E-03   -0.11E-05    0.52E-03   -0.18E-10
750.0    0.88E-03   -0.11E-05    0.52E-03   -0.18E-10
752.0    0.88E-03   -0.11E-05    0.51E-03   -0.18E-10
754.0    0.88E-03   -0.11E-05    0.51E-03   -0.18E-10
756.0    0.88E-03   -0.11E-05    0.51E-03   -0.18E-10
758.0    0.87E-03   -0.11E-05    0.51E-03   -0.17E-10
760.0    0.87E-03   -0.11E-05    0.51E-03   -0.17E-10
762.0    0.87E-03   -0.11E-05    0.51E-03   -0.17E-10
764.0    0.87E-03   -0.11E-05    0.51E-03   -0.17E-10
766.0    0.87E-03   -0.11E-05    0.50E-03   -0.17E-10
768.0    0.86E-03   -0.11E-05    0.50E-03   -0.17E-10
770.0    0.86E-03   -0.10E-05    0.50E-03   -0.17E-10
772.0    0.86E-03   -0.10E-05    0.50E-03   -0.17E-10
774.0    0.86E-03   -0.10E-05    0.50E-03   -0.17E-10
776.0    0.86E-03   -0.10E-05    0.50E-03   -0.17E-10
778.0    0.85E-03   -0.10E-05    0.50E-03   -0.17E-10
780.0    0.85E-03   -0.10E-05    0.50E-03   -0.16E-10
782.0    0.85E-03   -0.10E-05    0.50E-03   -0.16E-10
784.0    0.85E-03   -0.10E-05    0.49E-03   -0.16E-10
786.0    0.85E-03   -0.10E-05    0.49E-03   -0.16E-10
788.0    0.84E-03   -0.10E-05    0.49E-03   -0.16E-10
790.0    0.84E-03   -0.10E-05    0.49E-03   -0.16E-10
792.0    0.84E-03   -0.99E-06    0.49E-03   -0.16E-10
794.0    0.84E-03   -0.99E-06    0.49E-03   -0.16E-10
796.0    0.84E-03   -0.98E-06    0.49E-03   -0.16E-10
798.0    0.83E-03   -0.98E-06    0.49E-03   -0.16E-10
800.0    0.83E-03   -0.97E-06    0.48E-03   -0.16E-10
802.0    0.83E-03   -0.97E-06    0.48E-03   -0.16E-10
804.0    0.83E-03   -0.96E-06    0.48E-03   -0.15E-10
806.0    0.83E-03   -0.96E-06    0.48E-03   -0.15E-10
808.0    0.82E-03   -0.95E-06    0.48E-03   -0.15E-10
810.0    0.82E-03   -0.95E-06    0.48E-03   -0.15E-10
812.0    0.82E-03   -0.94E-06    0.48E-03   -0.15E-10
814.0    0.82E-03   -0.94E-06    0.48E-03   -0.15E-10
816.0    0.82E-03   -0.94E-06    0.48E-03   -0.15E-10
818.0    0.81E-03   -0.93E-06    0.47E-03   -0.15E-10
820.0    0.81E-03   -0.93E-06    0.47E-03   -0.15E-10
822.0    0.81E-03   -0.92E-06    0.47E-03   -0.15E-10
824.0    0.81E-03   -0.92E-06    0.47E-03   -0.15E-10
826.0    0.81E-03   -0.91E-06    0.47E-03   -0.15E-10
828.0    0.81E-03   -0.91E-06    0.47E-03   -0.15E-10
830.0    0.80E-03   -0.91E-06    0.47E-03   -0.15E-10
832.0    0.80E-03   -0.90E-06    0.47E-03   -0.14E-10
834.0    0.80E-03   -0.90E-06    0.47E-03   -0.14E-10
836.0    0.80E-03   -0.89E-06    0.46E-03   -0.14E-10
838.0    0.80E-03   -0.89E-06    0.46E-03   -0.14E-10
840.0    0.79E-03   -0.89E-06    0.46E-03   -0.14E-10
842.0    0.79E-03   -0.88E-06    0.46E-03   -0.14E-10
844.0    0.79E-03   -0.88E-06    0.46E-03   -0.14E-10
846.0    0.79E-03   -0.87E-06    0.46E-03   -0.14E-10
848.0    0.79E-03   -0.87E-06    0.46E-03   -0.14E-10
850.0    0.79E-03   -0.87E-06    0.46E-03   -0.14E-10
852.0    0.78E-03   -0.86E-06    0.46E-03   -0.14E-10
854.0    0.78E-03   -0.86E-06    0.46E-03   -0.14E-10
856.0    0.78E-03   -0.85E-06    0.45E-03   -0.14E-10
858.0    0.78E-03   -0.85E-06    0.45E-03   -0.14E-10
860.0    0.78E-03   -0.85E-06    0.45E-03   -0.14E-10
862.0    0.78E-03   -0.84E-06    0.45E-03   -0.13E-10
864.0    0.77E-03   -0.84E-06    0.45E-03   -0.13E-10
866.0    0.77E-03   -0.84E-06    0.45E-03   -0.13E-10
868.0    0.77E-03   -0.83E-06    0.45E-03   -0.13E-10
870.0    0.77E-03   -0.83E-06    0.45E-03   -0.13E-10
872.0    0.77E-03   -0.82E-06    0.45E-03   -0.13E-10
874.0    0.77E-03   -0.82E-06    0.45E-03   -0.13E-10
876.0    0.76E-03   -0.82E-06    0.44E-03   -0.13E-10
878.0    0.76E-03   -0.81E-06    0.44E-03   -0.13E-10
880.0    0.76E-03   -0.81E-06    0.44E-03   -0.13E-10
882.0    0.76E-03   -0.81E-06    0.44E-03   -0.13E-10
884.0    0.76E-03   -0.80E-06    0.44E-03   -0.13E-10
886.0    0.76E-03   -0.80E-06    0.44E-03   -0.13E-10
888.0    0.75E-03   -0.80E-06    0.44E-03   -0.13E-10
890.0    0.75E-03   -0.79E-06    0.44E-03   -0.13E-10
892.0    0.75E-03   -0.79E-06    0.44E-03   -0.13E-10
894.0    0.75E-03   -0.79E-06    0.44E-03   -0.13E-10
896.0    0.75E-03   -0.78E-06    0.44E-03   -0.12E-10
898.0    0.75E-03   -0.78E-06    0.43E-03   -0.12E-10
900.0    0.75E-03   -0.78E-06    0.43E-03   -0.12E-10
902.0    0.74E-03   -0.77E-06    0.43E-03   -0.12E-10
904.0    0.74E-03   -0.77E-06    0.43E-03   -0.12E-10
906.0    0.74E-03   -0.77E-06    0.43E-03   -0.12E-10
908.0    0.74E-03   -0.76E-06    0.43E-03   -0.12E-10
910.0    0.74E-03   -0.76E-06    0.43E-03   -0.12E-10
912.0    0.74E-03   -0.76E-06    0.43E-03   -0.12E-10
914.0    0.73E-03   -0.75E-06    0.43E-03   -0.12E-10
916.0    0.73E-03   -0.75E-06    0.43E-03   -0.12E-10
918.0    0.73E-03   -0.75E-06    0.43E-03   -0.12E-10
920.0    0.73E-03   -0.74E-06    0.42E-03   -0.12E-10
922.0    0.73E-03   -0.74E-06    0.42E-03   -0.12E-10
924.0    0.73E-03   -0.74E-06    0.42E-03   -0.12E-10
926.0    0.73E-03   -0.73E-06    0.42E-03   -0.12E-10
928.0    0.72E-03   -0.73E-06    0.42E-03   -0.12E-10
930.0    0.72E-03   -0.73E-06    0.42E-03   -0.12E-10
932.0    0.72E-03   -0.73E-06    0.42E-03   -0.12E-10
934.0    0.72E-03   -0.72E-06    0.42E-03   -0.11E-10
936.0    0.72E-03   -0.72E-06    0.42E-03   -0.11E-10
938.0    0.72E-03   -0.72E-06    0.42E-03   -0.11E-10
940.0    0.72E-03   -0.71E-06    0.42E-03   -0.11E-10
942.0    0.71E-03   -0.71E-06    0.42E-03   -0.11E-10
944.0    0.71E-03   -0.71E-06    0.41E-03   -0.11E-10
946.0    0.71E-03   -0.71E-06    0.41E-03   -0.11E-10
948.0    0.71E-03   -0.70E-06    0.41E-03   -0.11E-10
950.0    0.71E-03   -0.70E-06    0.41E-03   -0.11E-10
952.0    0.71E-03   -0.70E-06    0.41E-03   -0.11E-10
954.0    0.71E-03   -0.69E-06    0.41E-03   -0.11E-10
956.0    0.70E-03   -0.69E-06    0.41E-03   -0.11E-10
958.0    0.70E-03   -0.69E-06    0.41E-03   -0.11E-10
960.0    0.70E-03   -0.69E-06    0.41E-03   -0.11E-10
962.0    0.70E-03   -0.68E-06    0.41E-03   -0.11E-10
964.0    0.70E-03   -0.68E-06    0.41E-03   -0.11E-10
966.0    0.70E-03   -0.68E-06    0.41E-03   -0.11E-10
968.0    0.70E-03   -0.68E-06    0.40E-03   -0.11E-10
970.0    0.69E-03   -0.67E-06    0.40E-03   -0.11E-10
972.0    0.69E-03   -0.67E-06    0.40E-03   -0.11E-10
974.0    0.69E-03   -0.67E-06    0.40E-03   -0.11E-10
976.0    0.69E-03   -0.66E-06    0.40E-03   -0.11E-10
978.0    0.69E-03   -0.66E-06    0.40E-03   -0.10E-10
980.0    0.69E-03   -0.66E-06    0.40E-03   -0.10E-10
982.0    0.69E-03   -0.66E-06    0.40E-03   -0.10E-10
984.0    0.69E-03   -0.65E-06    0.40E-03   -0.10E-10
986.0    0.68E-03   -0.65E-06    0.40E-03   -0.10E-10
988.0    0.68E-03   -0.65E-06    0.40E-03   -0.10E-10
990.0    0.68E-03   -0.65E-06    0.40E-03   -0.10E-10
992.0    0.68E-03   -0.64E-06    0.40E-03   -0.10E-10
994.0    0.68E-03   -0.64E-06    0.39E-03   -0.10E-10
996.0    0.68E-03   -0.64E-06    0.39E-03   -0.10E-10
998.0    0.68E-03   -0.64E-06    0.39E-03   -0.10E-10
1000.0    0.67E-03   -0.63E-06    0.39E-03   -0.10E-10
